461 247
10 334 429 458 37 31 214 108 152 62 409 
12 347 224 30 332 401 261 9 139 1 174 270 38 
3 55 38 306 
19 207 153 10 131 74 0 185 432 112 383 292 354 115 271 107 227 234 129 180 
20 418 424 37 306 66 292 208 325 54 222 223 93 277 258 440 377 381 362 312 458 
7 387 250 406 104 128 254 356 
14 237 299 19 153 70 284 244 188 350 428 376 389 447 191 
10 385 3 236 88 184 249 333 246 96 7 
6 366 319 109 11 285 373 
1 451 
15 374 111 343 442 351 390 438 366 195 227 418 267 430 450 74 
16 92 423 179 238 121 222 234 207 328 107 419 249 352 189 22 309 
11 292 373 258 399 39 250 229 425 161 322 148 
6 321 325 407 309 211 103 
20 56 128 186 201 295 394 294 82 41 203 399 350 359 387 125 13 285 362 307 1 
14 378 360 9 191 324 169 345 87 222 195 357 401 91 390 
4 389 458 152 23 
5 340 181 144 17 121 
15 360 140 347 112 150 325 72 456 75 426 226 48 113 237 53 
8 181 117 119 216 390 306 436 423 
1 58 
1 441 
1 116 
21 221 78 266 175 37 57 25 44 343 318 256 307 29 159 270 228 56 192 45 102 95 
16 192 396 302 25 101 131 106 360 384 34 22 207 258 351 285 225 
3 161 100 73 
6 132 352 93 271 11 49 
19 420 213 58 368 450 77 353 229 206 175 317 89 289 12 157 391 451 386 76 
19 340 355 239 59 24 201 141 316 110 189 192 168 346 12 228 51 344 187 74 
2 63 10 
9 172 156 47 285 182 340 329 417 41 
13 134 164 94 43 348 278 456 60 331 242 431 165 315 
2 217 390 
17 107 430 306 331 137 226 139 116 426 145 25 177 334 17 367 104 124 
15 166 55 282 187 340 391 252 138 424 429 17 420 254 319 75 
18 26 287 164 174 360 47 87 96 321 379 126 395 286 20 236 239 443 77 
1 71 
16 150 385 362 309 302 326 390 139 72 45 354 6 264 68 301 424 
12 390 94 42 113 216 340 215 257 407 453 213 97 
12 454 429 36 381 305 88 431 194 170 297 336 254 
17 250 333 445 390 340 283 240 172 79 238 374 41 69 422 111 28 392 
19 405 46 133 11 338 171 221 337 43 323 308 254 219 286 443 250 354 273 202 
16 171 2 422 77 451 274 72 365 224 432 59 242 321 163 34 94 
5 253 109 342 122 438 
11 405 269 266 452 272 274 38 330 320 139 327 
4 380 5 427 208 
13 407 383 190 29 388 15 229 396 145 230 292 332 50 
11 321 392 300 171 14 433 273 43 114 272 232 
20 270 86 147 111 378 207 452 130 53 13 392 390 338 167 206 364 313 43 217 230 
3 21 29 279 
12 233 227 139 286 146 143 389 180 336 22 325 327 
6 113 148 286 214 352 178 
2 313 240 
3 230 364 365 
3 374 311 141 
5 262 232 434 72 21 
9 368 66 232 314 6 352 114 28 402 
1 233 
13 328 428 84 309 325 360 353 10 101 397 170 418 197 
6 109 24 335 29 229 182 
6 380 41 168 419 421 342 
6 5 81 314 292 156 267 
19 140 359 64 433 320 11 409 354 84 441 135 201 277 205 69 275 222 215 121 
18 329 438 298 173 312 364 128 278 322 284 174 236 334 381 247 398 21 328 
1 408 
21 70 56 49 151 118 104 287 165 19 152 122 72 191 38 71 193 76 381 346 173 293 
14 364 13 252 89 215 234 428 152 420 341 287 450 130 187 
22 34 208 85 354 313 119 42 132 375 287 258 389 317 106 239 457 414 445 35 381 289 290 
14 14 419 258 110 248 278 219 411 152 198 224 436 26 208 
22 396 197 207 322 126 442 184 307 454 21 175 33 140 332 415 330 413 289 337 242 269 347 
12 190 450 299 354 326 396 437 337 282 362 127 336 
18 307 313 7 263 92 192 51 99 56 175 431 455 250 409 118 341 100 62 
1 13 
2 66 372 
20 301 112 307 60 13 150 203 281 226 97 317 429 432 130 275 128 159 16 460 4 
18 250 72 197 259 48 298 264 398 71 113 80 313 39 104 153 19 173 40 
8 401 171 444 408 264 192 261 126 
1 336 
12 16 247 194 70 406 385 446 4 236 136 213 34 
11 149 32 307 231 120 453 423 324 191 258 356 
21 454 231 293 436 92 46 34 253 126 151 404 81 425 417 140 38 148 245 455 197 192 
1 329 
18 72 174 40 21 186 288 78 55 79 365 302 130 168 135 32 50 408 98 
5 421 173 383 227 170 
11 266 179 39 453 403 354 162 236 149 117 50 
20 239 134 400 53 214 9 18 61 149 136 137 114 73 277 296 74 168 301 273 267 
14 5 329 365 281 44 312 178 435 46 42 376 290 66 398 
5 230 317 124 369 62 
19 275 235 12 279 304 392 130 408 360 310 193 109 191 189 47 129 228 28 24 
9 197 343 323 458 40 281 42 238 58 
14 316 361 210 156 305 30 317 404 159 174 291 65 424 111 
2 147 228 
1 140 
9 305 262 350 379 357 336 119 459 360 
22 36 337 181 346 389 171 9 376 98 392 402 224 199 367 157 56 119 60 83 335 314 277 
14 232 21 443 442 410 342 339 67 304 121 293 356 444 130 
9 154 440 409 342 15 277 319 348 424 
13 423 362 21 400 342 11 55 283 227 175 135 268 429 
17 406 448 342 157 178 85 237 72 116 58 41 165 35 360 202 63 249 
10 28 177 410 276 98 271 441 224 254 267 
2 62 222 
3 457 309 390 
22 275 44 113 331 5 20 56 122 101 256 29 303 49 326 61 216 413 325 355 66 234 185 
10 249 250 177 421 298 317 221 120 357 206 
7 400 194 379 338 358 373 433 
5 9 271 386 306 439 
5 151 224 179 26 398 
20 5 217 2 350 169 208 306 254 103 443 303 298 36 17 342 295 210 123 146 325 
13 239 317 160 264 394 192 315 187 58 69 332 354 194 
21 47 310 205 225 235 365 397 96 311 405 275 223 303 345 455 264 460 440 240 361 17 
19 107 76 452 192 191 151 248 315 391 333 428 149 231 136 184 445 166 223 409 
12 145 216 187 242 79 457 416 192 92 418 296 341 
6 448 333 298 270 79 393 
7 297 103 60 110 40 30 146 
15 171 209 418 335 381 307 415 139 71 261 87 339 271 72 304 
6 18 55 207 206 211 75 
5 7 181 327 168 143 
5 326 364 32 28 259 
14 260 12 33 450 26 294 78 266 199 203 2 412 114 50 
21 127 50 105 443 55 346 242 12 24 319 327 288 335 122 316 380 397 112 206 231 182 
15 71 368 457 227 427 285 278 90 139 158 168 455 406 214 61 
16 220 104 19 325 453 438 204 164 127 304 433 326 64 356 246 263 
1 100 
11 342 194 275 118 202 34 392 108 362 5 371 
15 259 206 292 231 421 395 7 456 68 224 263 299 30 327 157 
10 62 281 174 278 310 328 313 242 207 34 
12 108 308 69 417 92 132 87 89 311 438 50 290 
18 127 180 21 301 348 324 439 23 233 235 171 18 125 435 361 101 77 304 
2 53 421 
6 393 150 119 280 417 375 
14 80 117 43 366 166 406 364 105 242 96 446 299 111 271 
19 26 55 297 425 187 4 0 406 352 365 100 454 58 312 72 344 163 212 366 
18 460 352 78 49 413 431 427 411 392 159 218 276 95 6 82 34 38 367 
4 207 254 414 421 
16 191 215 261 227 245 225 11 427 456 223 383 422 165 112 116 404 
14 172 233 85 326 117 304 187 108 345 185 369 316 394 388 
1 79 
14 69 47 132 274 313 7 416 3 168 258 178 223 38 380 
6 398 365 179 246 118 90 
21 293 407 231 424 147 72 247 308 191 119 186 56 58 277 329 120 5 121 364 455 418 
11 209 217 338 276 403 203 300 127 355 81 244 
13 104 450 430 35 210 215 405 325 282 130 373 257 270 
12 209 458 258 227 97 368 210 440 296 321 264 81 
6 55 35 182 328 266 424 
20 200 1 122 20 361 375 38 44 86 224 292 325 18 259 309 271 337 186 444 287 
1 458 
11 275 163 153 457 24 259 238 430 173 201 320 
19 359 141 317 7 396 202 277 96 346 404 385 238 424 169 31 342 326 50 221 
8 458 323 345 99 116 258 104 224 
16 74 452 106 77 89 266 325 411 48 421 427 405 44 138 241 182 
8 269 406 162 280 87 332 172 81 
16 250 188 333 78 171 330 43 458 406 195 347 152 100 414 161 455 
13 123 291 101 128 46 139 152 65 436 216 274 47 129 
18 31 22 93 251 184 173 296 172 243 17 431 457 264 366 43 169 349 148 
22 200 449 446 27 372 279 326 378 136 103 403 259 363 149 360 448 410 421 248 285 411 427 
11 172 280 253 186 447 328 400 325 59 121 195 
1 312 
20 270 310 391 147 108 123 362 321 385 158 292 189 39 173 246 148 408 406 226 432 
9 380 27 209 174 259 151 110 432 276 
20 215 149 346 201 100 455 170 272 12 302 93 91 129 198 315 212 229 266 439 373 
10 57 108 371 422 201 388 56 370 421 309 
10 349 371 339 401 374 213 391 104 291 102 
21 149 423 446 172 367 426 292 251 443 225 145 375 299 10 209 216 122 48 388 12 276 
4 123 183 143 362 
12 326 329 406 370 17 10 141 167 304 269 232 19 
21 37 120 240 415 342 153 118 39 397 360 63 364 150 81 417 369 176 129 42 310 51 
18 140 255 211 182 375 178 443 117 126 145 340 259 159 388 206 207 275 322 
3 215 77 72 
9 90 105 451 431 55 440 209 22 389 
1 357 
19 415 215 448 259 25 51 278 21 171 54 196 227 239 3 230 212 356 80 77 
13 89 385 436 145 224 231 366 383 179 20 401 151 250 
6 369 424 257 11 435 88 
17 101 103 106 333 138 125 244 372 341 27 281 391 197 195 242 188 50 
16 375 122 179 230 451 347 51 121 319 311 52 177 28 329 251 365 
14 419 121 413 252 331 37 352 46 314 17 302 458 389 236 
17 124 302 247 176 40 157 305 89 183 29 78 335 283 221 400 378 54 
17 326 83 195 0 303 172 142 367 255 154 123 431 417 59 174 268 54 
16 25 60 227 243 228 97 393 108 64 71 235 191 313 193 225 444 
13 79 106 346 171 45 283 28 288 425 389 388 13 274 
3 320 57 111 
1 396 
7 395 291 125 221 73 48 35 
19 22 50 304 330 156 215 186 32 224 218 416 332 65 460 442 187 258 305 109 
2 269 402 
5 223 167 249 203 416 
13 278 179 16 231 391 250 56 283 365 236 156 287 241 
10 152 306 230 2 136 345 348 277 25 157 
10 355 168 293 414 410 360 368 259 382 97 
4 330 457 37 199 
21 289 35 262 104 261 30 287 148 159 145 275 165 77 458 213 321 5 171 293 263 264 
11 318 270 99 102 90 32 405 278 158 312 190 
15 419 307 146 371 447 356 340 352 414 103 251 150 390 256 225 
21 316 332 60 290 192 25 161 227 233 447 397 154 21 131 286 187 426 172 55 116 28 
13 317 314 457 333 372 352 114 281 95 1 190 292 87 
13 239 291 312 146 99 165 438 212 152 123 3 430 337 
9 382 314 7 45 150 256 320 381 259 
2 363 445 
3 320 241 280 
12 335 332 58 396 214 98 456 449 133 203 258 143 
2 216 314 
5 245 125 331 264 351 
7 142 252 27 155 25 97 450 
12 169 66 228 303 349 364 231 155 353 191 189 263 
5 373 319 284 120 414 
1 121 
1 376 
18 114 368 91 185 305 373 70 186 179 242 172 103 258 220 212 180 286 327 
22 446 389 279 392 83 246 420 23 307 163 262 299 327 427 254 452 204 453 164 298 216 317 
17 375 261 413 411 119 268 134 189 136 16 410 190 57 398 210 11 247 
12 310 30 105 268 391 437 205 136 25 198 225 446 
12 186 326 384 432 267 245 395 333 68 224 121 4 
4 401 49 374 163 
12 306 170 165 149 37 318 250 312 7 169 441 294 
13 359 125 2 149 371 381 40 11 218 365 426 126 62 
19 348 277 121 420 439 396 177 342 222 272 65 182 196 204 440 351 130 421 271 
14 404 316 167 54 436 85 252 232 127 217 0 61 406 394 
9 438 317 421 64 65 115 35 361 113 
5 71 103 236 148 154 
5 54 167 229 173 191 
13 368 60 332 184 209 423 94 345 426 394 123 208 335 
18 295 168 12 245 316 239 95 52 364 305 195 10 386 318 162 409 426 349 
21 182 201 210 197 345 356 362 6 420 424 41 24 109 419 371 268 299 115 124 203 310 
22 17 4 162 72 96 358 232 220 185 446 425 434 36 278 89 3 15 406 304 5 98 135 
20 160 267 230 2 69 437 218 6 362 216 317 92 337 166 399 228 50 238 28 334 
8 369 260 54 185 108 275 169 317 
6 5 450 204 301 213 25 
11 52 138 178 347 352 1 164 73 39 312 333 
8 422 203 80 399 3 7 74 344 
3 421 0 442 
19 59 149 181 434 331 271 339 223 107 242 375 438 287 329 61 219 429 104 381 
19 74 24 400 163 47 21 425 325 344 447 151 361 250 224 123 217 228 95 382 
6 46 209 187 26 25 458 
14 156 235 215 346 292 429 179 460 138 406 405 426 234 398 
22 418 10 380 385 16 62 187 389 297 243 342 352 139 33 366 152 241 211 423 107 325 349 
10 90 148 380 19 258 94 330 307 154 280 
16 233 69 299 196 14 130 28 158 127 357 43 36 281 333 22 264 
6 410 373 204 87 289 179 
12 56 200 307 105 356 338 170 79 175 143 375 390 
9 146 325 291 288 368 445 219 161 6 
22 292 5 385 235 303 315 56 341 21 31 130 147 100 343 43 217 409 255 27 164 135 268 
21 421 362 17 52 158 16 61 101 168 452 396 329 333 14 172 114 26 288 225 234 403 
9 134 324 403 345 392 38 210 195 87 
8 206 212 411 234 87 426 133 425 
11 69 54 85 328 190 44 222 345 15 358 136 
7 346 114 115 267 435 101 35 
22 255 181 307 396 100 320 444 430 50 288 127 96 369 222 300 341 24 92 358 18 311 75 
