968 569
43 679 233 629 339 682 494 56 449 651 280 870 612 193 370 387 671 515 204 617 508 41 159 639 546 962 206 491 840 926 62 583 961 29 580 507 795 414 77 780 189 140 812 295 
23 300 254 797 786 128 795 508 743 86 102 821 448 772 660 710 740 657 241 271 316 218 601 95 
17 718 605 543 548 648 477 671 546 597 36 151 689 816 533 344 349 629 
10 776 115 120 698 436 182 620 267 168 384 
26 300 447 378 192 689 953 759 407 322 778 811 506 487 185 858 781 422 940 558 169 736 889 290 667 106 751 
9 287 215 801 308 594 626 364 946 507 
38 737 586 593 301 955 687 772 362 511 453 555 803 326 317 195 302 198 570 348 479 621 759 86 112 708 61 21 12 127 409 122 489 807 492 4 914 147 40 
19 655 526 695 865 33 460 245 468 890 508 115 453 266 826 477 944 821 845 430 
17 941 638 905 538 968 586 739 123 555 820 726 482 230 701 346 523 545 
29 361 854 154 875 507 705 97 11 468 700 204 495 55 282 704 141 487 397 304 652 668 320 260 572 753 9 277 548 774 
7 931 486 442 453 72 557 592 
19 775 500 350 294 555 764 619 377 697 218 575 308 101 589 791 411 876 814 334 
43 193 689 410 865 484 823 598 444 262 479 878 413 142 684 478 908 892 670 732 894 446 357 198 56 860 510 173 833 271 278 514 415 590 52 714 885 272 567 794 290 678 868 374 
7 913 691 157 523 385 233 871 
12 424 702 362 543 309 942 417 212 747 733 816 189 
26 645 472 877 833 26 483 795 792 200 779 942 669 477 519 158 471 462 903 885 544 555 13 518 261 367 228 
9 586 434 926 239 697 266 488 251 167 
44 586 779 515 692 80 685 945 3 130 873 679 15 663 954 819 719 159 296 874 743 958 171 729 540 295 378 335 463 2 209 842 264 26 237 788 863 677 906 554 770 462 832 801 428 
18 526 833 491 13 414 877 408 651 78 57 713 792 401 636 350 188 152 547 
32 171 907 37 948 595 521 488 467 459 804 864 408 241 821 440 54 482 592 98 101 447 29 276 4 203 216 55 415 484 411 30 489 
13 569 281 199 784 625 703 65 377 760 100 588 855 445 
17 928 464 46 948 586 929 731 270 485 527 222 725 761 240 727 249 713 
15 476 92 608 909 218 413 690 678 342 190 404 148 310 435 674 
16 140 580 22 891 853 226 509 914 456 827 573 23 292 836 275 696 
25 486 80 951 223 165 65 846 99 28 445 86 177 571 802 379 834 833 620 823 207 850 458 230 248 585 
27 385 276 164 202 297 622 703 666 440 98 755 235 337 181 226 360 841 132 167 336 468 884 632 580 649 715 571 
43 582 868 438 919 274 505 80 961 721 465 46 127 744 676 824 657 452 767 480 307 746 848 793 711 753 375 442 6 878 808 941 538 720 425 885 949 617 757 72 956 60 634 164 
12 185 554 658 166 390 392 481 725 674 796 236 440 
43 528 128 181 599 847 865 849 352 900 815 966 78 437 786 932 802 426 130 274 723 817 561 32 175 155 348 489 416 355 588 71 640 955 657 707 430 359 691 895 270 626 202 179 
40 652 953 757 606 558 410 318 790 326 77 305 963 883 556 747 952 184 965 227 892 930 97 755 14 605 806 343 486 394 345 436 73 464 337 742 689 310 741 407 23 
29 348 750 721 142 407 199 343 219 402 659 547 452 49 889 548 952 197 148 806 173 701 394 729 554 280 172 420 883 377 
29 899 867 949 288 752 846 879 950 554 493 553 220 521 511 343 70 252 941 577 918 194 952 78 749 450 207 198 948 823 
36 891 297 890 564 945 70 908 481 493 194 571 232 21 415 514 770 134 183 298 929 788 87 682 517 506 206 31 92 620 315 516 343 457 708 444 919 
22 705 788 321 766 122 367 485 126 886 850 91 935 581 37 194 809 942 230 253 771 345 600 
5 266 664 178 445 43 
6 10 325 896 569 795 85 
21 553 221 843 453 266 649 281 258 745 26 340 172 35 76 508 496 814 190 634 478 371 
4 126 410 518 923 
28 50 733 783 549 713 397 698 487 622 368 807 828 474 899 872 149 407 800 671 91 357 646 434 236 144 227 288 717 
29 927 788 493 786 595 531 113 144 191 376 414 312 882 104 449 961 517 348 803 8 476 345 787 309 274 79 33 239 197 
15 667 871 209 147 182 164 253 87 839 136 497 376 326 110 856 
1 59 
33 760 964 375 697 260 481 268 902 523 938 146 839 7 533 604 882 860 325 342 967 559 158 314 960 276 746 47 714 61 275 189 930 10 
30 921 673 330 49 225 514 538 389 486 788 12 883 520 833 179 470 622 547 110 639 503 571 505 468 276 789 367 354 212 99 
4 247 758 305 652 
37 773 341 255 383 607 929 708 399 676 11 6 534 622 381 268 287 20 706 437 368 884 240 50 553 685 438 13 95 816 871 22 555 528 798 700 105 578 
3 247 486 803 
36 887 672 710 65 704 648 370 920 403 25 314 624 22 873 388 378 350 599 588 763 577 729 467 14 105 553 937 498 845 102 201 678 630 717 886 84 
3 208 739 55 
9 487 77 801 688 98 297 295 188 534 
9 530 684 491 864 826 674 205 732 341 
31 843 396 668 436 827 168 724 251 803 715 585 256 252 522 636 603 507 238 583 293 565 753 621 756 254 645 138 776 700 554 550 
33 715 481 676 421 580 809 274 212 57 404 294 471 469 168 218 720 266 82 60 891 642 131 845 413 836 32 889 929 206 685 877 155 432 
40 480 683 571 625 875 853 169 574 661 752 663 402 660 612 285 510 275 526 61 301 139 138 664 147 351 694 907 945 363 190 757 302 436 262 243 419 186 517 148 606 
24 957 252 575 539 248 310 678 260 243 837 861 24 912 107 570 951 241 581 302 708 523 822 652 209 
26 895 92 953 464 672 85 275 752 665 481 890 830 833 766 749 679 816 154 805 420 548 117 793 718 745 355 
15 595 376 427 855 141 418 329 440 239 135 954 112 215 430 801 
3 752 897 712 
40 859 214 672 426 897 721 531 445 719 706 746 45 699 442 258 216 352 261 506 834 391 857 331 306 271 334 463 947 614 747 1 793 773 489 548 867 94 186 510 670 
28 220 502 314 603 553 131 236 915 6 952 410 659 848 451 555 37 935 294 50 695 369 710 20 413 205 591 855 944 
16 967 868 442 864 907 487 19 635 959 493 544 377 791 607 294 916 
13 620 357 603 379 192 347 393 333 592 858 680 27 818 
44 615 429 110 856 510 771 495 409 681 3 147 37 927 412 46 777 200 267 768 315 808 533 427 834 630 567 501 469 439 454 712 709 89 869 679 738 217 909 234 876 485 526 461 867 
31 715 138 132 301 56 184 496 712 693 927 760 945 429 922 765 317 343 778 375 495 532 473 655 617 551 95 925 517 406 113 491 
27 373 328 524 724 341 263 909 728 548 192 615 122 176 326 910 208 220 949 390 790 902 344 233 954 131 394 91 
18 460 515 614 170 408 320 356 968 656 488 502 942 758 503 574 366 5 748 
2 703 954 
30 785 509 421 827 425 149 661 775 186 402 301 343 249 616 830 654 493 612 737 725 771 419 611 779 55 911 265 408 721 870 
18 274 956 866 590 747 826 224 275 950 6 734 74 880 536 155 954 564 161 
28 936 670 77 201 914 334 930 417 826 125 938 120 605 50 721 30 650 249 176 910 366 622 609 139 519 185 871 372 
7 122 334 581 677 903 712 482 
3 248 245 125 
45 383 672 60 938 581 657 886 139 179 191 534 111 187 171 245 800 537 670 950 79 175 145 26 326 811 602 511 936 924 753 418 27 935 361 776 230 29 251 308 371 725 338 611 450 612 
12 779 821 60 834 248 90 542 348 512 504 139 537 
37 856 507 15 645 347 328 188 100 768 171 86 299 808 259 147 242 881 286 23 805 718 375 923 205 595 800 576 405 389 650 594 931 413 852 747 582 351 
5 755 584 785 194 830 
15 8 467 862 484 812 239 632 10 459 573 754 223 56 616 49 
29 596 773 548 578 749 589 526 275 732 422 792 658 801 328 321 331 825 944 485 210 776 69 854 373 433 449 467 684 415 
25 75 961 183 201 889 199 92 517 69 503 758 880 574 711 869 423 484 292 860 449 864 276 579 622 952 
4 86 846 65 949 
31 679 324 319 116 754 429 692 78 806 1 722 283 922 130 279 121 113 920 101 808 22 681 894 558 351 527 593 33 363 530 505 
11 397 334 172 889 156 568 811 964 413 899 135 
27 744 415 447 298 199 716 693 121 72 864 315 187 90 581 210 77 89 935 81 481 707 668 468 796 606 906 246 
29 186 651 589 208 322 274 310 139 460 462 747 866 683 205 447 302 800 496 615 33 32 358 163 149 177 180 962 369 433 
16 679 247 351 943 844 23 96 535 61 697 64 186 528 611 326 176 
41 550 320 923 340 277 581 745 770 462 45 552 800 305 845 626 924 573 256 670 496 919 183 474 483 290 840 531 316 261 219 878 713 361 212 90 441 939 877 473 147 284 
25 698 519 659 120 180 28 483 775 508 842 527 559 150 409 460 309 692 791 871 360 564 24 641 129 285 
19 6 500 102 742 772 26 205 840 283 360 663 948 852 110 265 950 721 858 829 
16 800 174 327 425 889 31 78 739 798 55 519 34 126 8 954 415 
27 98 315 398 855 174 683 334 530 243 217 173 574 597 154 482 330 33 944 121 502 135 436 257 45 285 709 475 
31 146 19 74 952 924 746 337 384 640 340 873 392 801 401 594 777 861 281 682 391 306 471 435 502 420 897 479 111 590 866 452 
3 187 238 734 
15 413 612 762 353 803 416 694 308 837 246 72 236 115 181 717 
43 456 431 82 699 264 60 876 835 228 359 556 872 583 219 452 818 894 725 392 792 477 787 157 961 273 277 2 183 200 401 443 565 429 216 78 283 950 240 193 158 190 434 527 
41 55 427 20 53 515 565 695 5 798 659 403 60 835 590 677 236 514 763 211 686 341 244 627 235 828 479 77 688 671 759 957 333 824 4 63 589 760 356 647 233 252 
38 335 718 644 129 598 358 373 631 771 44 214 839 163 571 7 628 826 915 825 252 720 872 873 753 322 410 679 282 845 768 27 202 52 882 122 861 539 962 
25 618 454 365 134 854 714 474 680 323 222 950 805 872 730 967 310 555 936 737 661 691 392 681 425 624 
9 306 657 533 597 747 524 349 433 450 
2 384 299 
11 388 475 521 844 670 536 138 818 61 808 612 
15 684 278 425 268 764 632 728 531 75 256 825 811 283 318 875 
43 302 38 31 571 43 309 501 617 425 953 333 608 915 562 715 54 935 294 925 819 405 616 845 774 958 258 456 669 721 442 45 955 968 237 431 891 691 966 823 230 130 208 527 
24 234 491 601 679 22 361 731 115 932 578 846 817 421 418 197 522 306 782 553 27 364 84 592 883 
20 810 764 620 420 689 809 212 407 3 751 494 736 318 898 316 220 277 734 894 169 
12 225 567 577 513 501 808 560 766 292 351 715 206 
26 902 165 799 239 555 462 291 693 292 722 47 417 378 683 535 682 564 512 407 62 911 908 956 57 689 809 
20 543 468 223 420 619 796 446 371 267 849 407 899 458 860 145 121 7 788 440 925 
37 361 263 817 53 727 124 360 733 654 602 224 232 760 37 97 767 448 40 254 301 181 736 156 84 492 255 672 456 503 708 296 831 437 47 800 714 44 
16 451 15 242 696 804 576 118 617 494 965 693 683 652 448 133 361 
23 914 888 320 74 305 702 254 206 808 59 966 102 397 322 860 703 444 772 210 342 327 446 160 
1 678 
44 129 920 353 419 766 210 128 720 132 281 394 675 251 411 93 931 51 378 287 381 416 606 203 550 445 111 935 494 956 156 913 428 438 493 106 749 40 67 950 641 147 612 858 434 
1 466 
37 711 504 848 623 527 483 256 497 153 137 365 723 568 237 902 495 374 326 948 961 863 68 346 13 48 944 440 644 127 410 444 697 198 811 476 335 416 
43 746 707 393 290 160 934 816 515 869 60 48 381 847 675 918 821 556 910 125 780 110 38 790 566 710 461 107 825 630 63 336 409 851 674 497 509 476 88 559 754 442 836 815 
31 61 43 319 129 371 871 712 376 398 251 64 99 447 314 626 132 636 509 91 548 717 686 861 629 138 771 814 245 740 789 903 
5 966 490 762 14 86 
21 924 95 792 10 863 807 898 340 179 364 724 433 575 114 805 407 860 698 599 824 714 
9 27 868 56 218 675 784 486 527 678 
9 544 141 778 895 928 405 483 11 463 
14 303 851 49 785 537 725 542 546 438 379 947 227 200 540 
25 554 73 711 78 122 134 280 16 442 476 548 814 150 686 189 896 829 914 53 795 603 38 959 767 731 
36 731 83 918 325 550 39 587 785 510 660 621 543 463 27 798 55 62 111 354 188 72 770 164 821 622 473 26 666 949 177 284 553 36 407 752 1 
38 564 303 326 347 549 382 517 803 118 689 842 277 279 105 491 843 142 532 886 589 408 462 687 412 265 587 920 617 289 479 214 193 476 833 488 474 556 507 
15 258 826 117 379 105 110 883 565 833 921 685 639 414 398 504 
41 388 449 926 73 763 940 313 906 152 604 954 570 519 751 642 914 40 610 200 121 41 966 51 631 555 292 957 418 571 725 213 416 221 42 847 904 6 727 529 643 475 
3 637 510 111 
25 732 42 591 230 785 480 332 39 502 623 659 67 564 333 713 311 85 310 783 192 28 253 102 737 182 
1 278 
35 148 305 672 469 892 567 727 545 306 663 655 269 700 668 172 281 189 927 904 744 259 119 218 937 70 842 272 686 622 183 738 418 67 684 920 
11 854 112 510 269 760 941 968 853 350 855 677 
22 277 775 796 105 21 233 138 460 223 511 47 798 664 501 319 450 423 117 547 237 200 856 
39 902 68 561 861 895 2 501 254 285 644 446 340 392 515 273 525 886 683 181 658 968 321 749 212 96 608 809 388 642 763 347 355 186 237 573 761 434 944 267 
4 765 98 842 578 
23 931 604 842 320 283 193 573 201 657 398 309 572 444 618 331 224 196 284 521 358 783 37 552 
9 529 910 945 74 790 138 455 479 691 
4 563 961 569 474 
32 440 787 477 3 908 27 342 711 769 29 137 767 941 834 388 183 358 499 425 106 804 759 940 118 566 483 510 479 913 77 608 653 
16 33 264 820 216 183 941 110 921 676 613 32 776 827 170 615 81 
33 548 640 589 835 268 942 153 521 909 398 182 641 311 580 606 343 4 745 632 265 125 802 271 210 757 599 454 275 800 35 151 362 964 
18 219 490 532 546 723 335 350 949 48 400 916 89 747 378 69 604 227 414 
23 783 13 551 427 674 749 207 840 583 47 102 421 851 911 623 188 186 598 869 397 304 281 867 
43 856 853 500 693 829 835 666 671 675 520 411 406 608 690 644 663 660 960 631 618 897 795 185 721 223 854 95 296 233 864 63 255 487 467 638 107 174 889 53 30 282 761 263 
26 597 135 71 655 933 471 588 235 263 625 711 79 561 131 934 657 266 872 132 504 81 152 424 544 27 68 
29 197 836 903 906 169 243 298 816 761 546 143 424 308 28 363 724 595 175 536 579 685 214 810 963 792 320 344 141 854 
32 653 185 139 369 767 607 874 517 313 770 141 161 599 948 671 774 855 166 171 91 359 80 249 26 44 942 863 451 641 364 318 94 
28 142 401 860 924 44 487 803 895 957 834 678 320 150 86 473 28 615 283 843 876 407 265 35 455 504 279 39 468 
45 549 701 880 510 951 554 933 766 104 589 188 342 519 863 87 360 795 571 124 481 615 74 172 143 616 675 570 702 54 926 295 278 899 752 623 14 724 531 679 575 604 407 149 818 216 
41 222 756 455 199 416 339 30 213 14 284 679 440 149 596 390 639 389 345 629 88 707 695 495 856 582 611 278 163 937 842 920 158 255 711 794 166 698 443 277 805 314 
37 507 782 765 208 763 731 910 636 926 902 484 152 109 11 149 607 188 159 446 696 767 715 182 870 413 288 566 425 724 962 752 341 661 222 770 900 584 
33 295 364 538 796 476 515 126 395 14 505 120 907 111 362 598 704 367 968 28 632 200 52 313 441 834 500 494 644 334 82 96 44 474 
10 603 1 407 643 22 162 640 297 958 609 
6 741 498 463 266 347 625 
34 714 589 702 603 502 523 596 258 274 215 359 386 430 730 898 712 842 687 394 597 632 771 125 441 151 897 31 693 117 254 522 121 220 314 
2 955 649 
19 771 579 734 100 456 296 72 817 953 783 259 923 828 79 155 274 10 788 42 
15 198 652 807 664 213 204 706 592 283 70 870 218 391 787 516 
39 777 310 499 851 324 590 158 956 667 50 615 58 852 440 341 95 304 936 827 585 719 369 780 353 467 321 761 136 216 723 448 633 965 833 799 125 579 558 559 
43 403 640 516 520 117 757 428 274 38 802 157 940 378 453 76 833 501 815 350 747 607 830 866 585 459 496 560 437 533 156 573 523 563 431 648 540 297 647 302 666 928 686 897 
26 182 391 9 202 21 491 47 87 386 146 596 22 711 794 641 651 434 667 342 36 481 510 864 859 382 424 
19 861 99 347 924 465 459 778 916 581 544 642 885 339 129 922 864 523 319 509 
14 337 310 409 708 727 492 358 74 434 704 954 839 756 755 
26 799 719 454 421 74 186 298 584 444 915 676 345 28 284 907 497 765 219 167 606 69 156 931 610 742 54 
15 671 871 200 248 581 760 830 128 754 932 58 833 629 851 756 
44 941 703 849 65 840 237 605 678 754 516 201 905 571 36 661 462 874 245 947 436 359 900 145 79 126 330 53 765 966 147 607 698 480 553 774 450 183 44 855 125 265 807 783 583 
43 943 898 511 769 354 783 404 141 208 560 13 218 219 390 122 321 956 714 591 822 637 163 627 578 76 325 752 633 720 392 417 432 924 547 620 615 153 572 501 271 528 402 941 
1 405 
46 531 883 8 508 887 62 13 316 532 936 81 576 894 428 868 685 382 460 218 293 788 375 143 121 246 94 919 503 874 365 436 857 966 641 140 510 52 156 482 452 935 667 764 746 25 549 
25 36 819 250 761 956 180 195 834 627 376 744 462 306 566 206 353 82 690 773 256 419 145 444 621 858 
37 112 867 431 666 78 627 522 910 532 803 708 215 452 329 291 636 179 375 433 38 884 385 680 713 164 939 810 850 644 895 45 842 588 326 254 705 931 
20 215 141 274 37 268 872 76 956 822 311 958 497 527 247 96 891 239 449 35 82 
12 656 806 754 238 601 154 7 607 670 32 417 282 
29 750 735 660 863 420 296 885 679 500 490 409 384 41 139 795 783 554 266 702 166 730 739 21 499 680 123 541 742 59 
41 677 194 331 122 241 52 340 886 786 230 556 320 190 334 367 490 333 458 535 642 269 482 109 19 758 130 893 111 925 514 661 865 433 69 261 70 919 411 78 392 434 
42 560 102 330 968 202 413 65 291 292 147 340 162 681 135 229 767 29 218 398 702 346 737 800 319 568 551 306 824 18 402 317 263 604 797 201 395 552 471 77 901 711 923 
7 21 841 764 677 694 395 332 
2 711 847 
21 13 575 584 778 925 443 8 844 80 488 393 460 892 252 205 286 23 431 52 401 862 
22 365 798 313 208 522 868 405 141 896 929 76 863 258 143 752 629 348 329 255 688 738 180 
2 741 82 
17 129 686 583 964 846 32 721 287 396 312 579 484 736 148 241 655 321 
31 85 602 920 336 147 859 155 359 370 664 453 193 891 363 878 391 559 299 491 803 206 104 828 315 80 239 386 693 864 142 378 
38 651 789 654 86 623 371 276 936 161 410 731 165 583 963 440 883 625 15 542 550 42 37 245 870 357 350 269 624 746 672 585 683 518 516 665 479 770 342 
43 227 673 350 192 743 644 443 270 827 363 541 45 284 529 215 725 646 757 692 657 790 434 626 189 475 143 526 327 448 83 696 952 635 532 721 91 334 738 337 231 55 462 432 
5 259 795 902 74 823 
47 183 764 522 261 204 159 847 555 505 62 430 948 640 383 305 416 740 422 365 51 170 75 528 344 87 692 407 766 646 126 444 188 409 149 486 76 634 711 879 596 553 325 966 83 70 541 595 
10 949 584 340 183 477 862 583 914 42 251 
40 813 618 202 767 204 926 190 868 588 636 909 568 363 137 55 544 446 734 304 94 657 905 501 198 535 832 36 39 902 787 160 795 707 893 410 102 730 550 147 643 
27 396 568 328 955 116 22 712 363 269 11 719 772 930 736 47 581 939 780 855 875 546 48 639 273 953 351 597 
45 544 49 923 143 78 170 371 892 829 494 287 597 350 293 940 912 112 17 602 622 385 717 885 586 135 559 827 355 22 331 290 900 183 661 237 854 824 906 435 304 765 434 845 610 139 
37 872 208 173 257 51 429 958 771 539 166 444 666 943 497 191 248 864 344 301 162 889 226 362 351 340 384 360 913 233 649 52 300 203 597 625 794 664 
42 319 555 104 422 360 271 476 691 651 333 50 14 96 704 648 82 407 654 633 434 832 454 610 385 652 650 658 887 37 229 592 232 755 54 580 343 516 931 847 12 491 488 
2 906 300 
34 214 371 182 384 639 365 219 114 134 15 270 944 368 750 705 221 493 709 609 166 629 554 421 701 129 656 169 560 762 413 573 579 539 326 
31 855 589 246 333 542 61 744 540 700 510 612 109 445 481 51 684 662 146 23 148 49 837 852 325 24 492 316 603 897 428 756 
32 95 405 17 161 662 184 758 632 57 98 533 685 783 292 304 928 107 108 128 480 897 864 548 655 917 849 158 213 542 24 735 179 
16 923 856 839 292 857 407 233 370 225 189 858 846 155 24 140 962 
42 68 874 110 376 324 799 619 951 188 200 345 733 851 267 907 649 878 151 455 752 60 618 181 125 811 253 224 471 462 673 327 221 340 342 865 261 281 956 387 547 129 551 
8 810 119 845 644 114 829 762 792 
24 828 485 579 42 356 382 60 40 319 82 774 693 465 25 928 30 124 46 710 26 527 551 725 317 
47 675 51 450 597 99 3 205 251 841 293 168 781 287 539 743 107 299 952 796 294 460 685 36 874 684 565 711 175 661 50 625 196 825 154 678 779 132 339 421 142 856 14 17 701 370 337 12 
33 117 94 710 894 334 632 206 669 76 644 827 142 527 458 499 445 162 928 732 472 256 517 336 572 362 837 510 931 524 776 895 110 500 
13 882 89 281 214 263 708 837 888 948 270 15 362 966 
27 104 666 481 931 633 313 117 175 292 732 869 672 519 75 359 923 766 668 570 353 760 943 698 754 640 332 737 
33 322 875 123 619 214 372 17 295 893 492 844 176 794 585 577 306 244 542 859 763 744 286 730 316 26 626 223 921 739 950 705 53 210 
41 947 132 406 569 662 256 950 308 442 507 201 881 603 746 462 124 243 228 955 687 39 895 276 815 71 871 468 592 671 514 335 222 690 81 865 117 168 789 500 967 278 
22 758 755 258 575 136 333 871 293 427 647 468 911 785 720 438 164 6 859 930 632 514 441 
44 24 326 682 315 114 501 802 153 631 148 264 195 91 13 841 465 586 838 917 406 936 460 734 944 713 86 946 296 637 218 248 895 647 712 618 737 180 58 361 653 560 295 726 814 
22 124 670 349 364 3 472 736 347 273 537 452 103 609 574 24 447 496 48 360 939 167 602 
29 750 32 742 811 311 746 677 364 183 107 424 514 629 130 888 231 481 166 519 134 319 295 949 761 61 244 627 441 790 
21 562 329 525 964 371 660 854 932 65 62 614 511 603 675 593 916 685 552 269 641 5 
12 526 797 900 638 769 963 589 696 648 482 896 257 
20 903 664 180 555 523 312 380 87 265 110 651 886 233 666 573 928 895 207 315 887 
9 964 870 526 518 623 352 551 477 45 
29 451 5 617 831 888 686 263 453 847 114 296 382 735 140 968 400 483 210 183 904 229 76 534 240 747 384 612 152 27 
2 287 517 
24 119 140 629 713 552 494 368 356 136 936 748 711 722 838 76 602 640 758 702 515 348 914 419 557 
40 961 145 15 382 13 197 164 311 451 168 614 411 3 474 51 504 539 530 908 501 880 745 497 626 557 902 404 195 221 912 843 333 303 160 434 807 440 718 838 400 
3 923 336 76 
21 28 133 798 462 897 54 718 356 910 512 225 390 939 728 349 683 796 530 693 37 518 
34 38 644 35 231 759 376 325 719 735 153 793 944 429 585 676 961 840 457 94 185 894 767 335 156 727 405 33 791 548 726 594 251 237 650 
28 563 93 883 515 732 188 713 189 606 814 212 459 474 131 586 22 292 654 924 465 450 703 395 185 603 114 833 747 
7 889 405 582 566 240 539 573 
14 253 42 497 370 438 398 6 189 378 962 193 654 290 725 
24 832 523 5 511 829 385 598 849 384 799 176 294 859 292 66 45 189 104 298 178 26 235 364 874 
28 3 821 266 165 469 863 278 116 409 5 341 386 438 475 692 274 678 145 358 182 348 202 562 962 50 836 369 234 
17 826 137 837 369 475 50 598 242 295 829 182 451 120 563 36 355 700 
12 848 37 699 143 639 548 771 269 136 116 208 6 
46 749 800 107 25 508 545 239 440 128 450 340 174 845 684 609 716 617 406 422 202 164 389 709 947 761 789 234 130 408 231 259 301 109 429 912 569 502 370 70 263 860 799 793 683 143 329 
8 435 329 458 301 26 932 373 204 
44 490 632 909 826 788 275 177 126 454 39 922 133 676 263 668 318 44 766 738 551 240 112 166 387 915 943 584 846 889 299 396 726 553 942 98 352 941 754 530 573 691 647 440 702 
23 713 793 417 207 148 431 242 175 290 856 538 213 202 221 674 539 792 496 504 690 731 695 588 
47 86 906 296 453 326 394 139 967 955 936 451 175 865 904 222 75 152 561 449 45 23 825 961 119 747 125 390 91 777 780 417 685 176 282 620 33 491 708 570 489 653 313 209 107 392 307 627 
5 821 787 340 748 815 
43 526 55 362 559 318 41 868 531 259 698 877 809 950 459 397 93 409 715 917 799 661 791 514 810 737 156 220 336 317 201 413 676 777 109 141 847 840 928 97 107 351 81 381 
2 380 765 
40 251 185 728 314 56 331 89 587 961 208 86 352 511 362 326 4 888 816 34 16 45 242 828 516 366 317 202 630 950 460 802 173 788 533 509 586 437 121 159 590 
2 787 286 
41 348 838 139 692 3 539 697 758 677 408 273 189 958 684 148 7 216 680 9 924 461 397 560 944 287 890 515 329 689 23 556 11 210 39 221 622 102 246 181 786 299 
30 744 833 318 85 456 73 62 509 179 926 668 535 765 6 963 967 641 931 35 238 959 731 901 871 838 587 15 524 864 615 
6 285 824 272 949 853 175 
24 769 190 381 345 374 741 277 451 281 132 6 103 459 471 728 149 946 121 332 431 754 286 212 818 
18 750 399 878 754 204 126 828 171 895 933 479 434 746 775 921 961 540 233 
26 829 352 877 402 777 811 63 672 488 124 32 423 895 873 246 563 296 822 371 590 689 757 348 57 808 207 
24 873 442 194 856 795 536 150 899 83 100 525 894 648 513 164 755 176 291 79 360 402 893 543 897 
19 865 890 452 253 689 12 603 602 816 283 555 548 423 362 123 584 600 112 538 
45 672 127 54 635 113 712 696 730 427 222 410 618 640 436 204 591 449 152 15 384 339 492 476 231 521 742 661 510 216 117 118 515 494 3 479 852 394 882 527 321 30 501 886 119 197 
43 216 31 754 35 125 374 466 102 152 777 193 831 486 902 686 617 631 449 442 575 715 645 116 692 794 800 491 338 551 958 184 129 897 218 865 240 576 373 674 143 269 430 948 
22 671 882 493 912 543 254 664 128 41 759 761 460 728 714 861 731 231 385 685 341 92 285 
24 126 221 830 514 500 181 824 487 968 361 507 945 68 816 821 312 815 848 319 398 494 660 425 580 
7 42 364 730 231 108 348 586 
18 778 254 161 444 131 696 162 247 712 18 56 77 223 827 500 378 798 926 
37 684 820 921 270 721 372 200 335 186 703 471 480 76 363 398 427 129 880 611 86 138 240 601 804 341 735 204 871 620 716 506 468 238 885 172 782 435 
32 806 366 348 410 467 590 183 509 428 516 660 607 933 875 93 666 856 129 562 383 588 967 694 395 718 887 715 656 899 330 13 622 
6 257 807 199 51 651 216 
23 63 633 770 564 574 604 371 896 333 147 129 345 108 96 374 231 884 903 69 439 364 743 176 
19 121 52 186 816 107 470 220 966 700 326 840 590 182 736 163 131 749 786 615 
30 784 882 520 252 639 868 447 724 49 134 271 210 589 577 849 52 338 440 71 166 83 826 437 910 142 531 208 310 720 278 
41 175 707 250 233 397 888 956 64 378 665 253 855 884 51 139 662 350 204 472 276 438 866 943 135 966 58 868 590 730 166 301 312 266 962 187 63 393 831 217 113 862 
22 576 945 583 168 507 577 155 210 839 617 923 237 269 555 60 428 593 74 563 920 803 222 
39 750 760 259 103 226 333 798 517 308 757 94 397 440 700 904 313 860 154 392 796 541 494 561 352 347 821 879 196 164 467 274 149 322 306 544 966 230 355 175 
38 732 811 879 379 688 509 464 705 895 209 656 792 581 751 438 279 26 502 297 861 194 699 386 367 728 413 289 780 796 383 372 884 427 700 389 227 968 27 
43 584 444 235 266 744 335 850 477 605 428 211 907 220 116 288 619 158 413 901 693 279 15 117 401 105 765 205 171 210 947 492 707 474 29 221 758 787 469 156 94 66 217 84 
3 463 328 711 
21 645 75 411 310 641 337 558 802 82 450 743 657 136 386 556 249 33 3 957 484 408 
15 960 771 134 925 630 340 654 87 855 751 962 828 720 178 498 
9 174 856 869 430 103 864 435 688 74 
2 159 740 
18 55 769 245 420 728 54 235 16 358 31 37 291 753 138 738 14 141 703 
10 330 793 560 773 440 640 805 736 399 301 
39 59 847 379 779 850 735 904 276 330 906 400 363 315 370 268 357 806 485 964 266 846 345 880 726 450 155 691 815 574 286 149 385 428 509 296 269 844 503 281 
6 421 510 3 636 753 840 
34 398 521 880 563 354 269 849 586 631 333 661 512 671 915 784 300 788 288 314 734 207 15 813 585 395 120 458 726 440 260 427 124 141 411 
28 791 123 722 627 29 365 779 856 415 291 555 861 643 90 360 542 249 936 848 320 422 26 547 159 243 177 212 583 
28 428 616 766 441 560 799 885 9 727 31 709 730 719 377 870 349 376 317 567 267 499 589 610 457 422 174 817 204 
41 594 233 782 702 316 680 774 891 689 140 887 60 674 885 500 351 491 665 886 750 118 79 13 397 358 763 446 752 947 473 48 286 943 314 244 255 930 949 688 461 656 
25 711 674 532 771 709 459 426 302 861 362 651 375 20 948 405 917 524 652 434 192 527 575 676 966 331 
31 672 273 493 552 69 701 586 9 161 163 370 926 21 423 388 36 462 461 698 725 884 662 598 505 387 39 6 892 571 689 953 
29 356 861 734 931 508 327 602 397 138 61 271 935 608 173 419 821 128 715 576 136 550 636 488 689 354 924 62 622 373 
38 543 282 443 544 188 259 626 369 570 718 794 502 296 767 198 4 33 416 300 498 209 507 510 467 896 476 489 199 506 34 679 782 65 100 753 965 899 64 
22 503 98 568 812 669 145 340 321 360 589 451 313 41 10 747 904 406 305 749 418 317 486 
47 613 901 188 241 526 576 175 80 774 42 905 161 632 289 882 249 556 647 734 147 111 698 512 930 560 678 756 849 24 295 457 455 834 692 862 449 268 897 673 684 316 742 900 252 827 712 471 
25 296 498 764 260 489 710 236 333 554 531 612 907 698 725 796 230 542 705 723 396 310 145 220 844 146 
35 776 383 842 70 635 520 805 411 563 687 441 268 262 552 21 372 591 341 876 145 936 617 326 625 675 472 57 408 639 764 548 807 338 143 781 
20 562 79 649 117 310 460 815 887 414 214 75 751 845 383 456 655 735 256 109 182 
19 753 942 645 8 724 945 803 504 892 667 489 720 117 944 891 222 104 958 849 
37 44 727 274 367 532 949 338 748 808 435 673 350 381 383 645 524 109 50 61 765 441 141 487 832 899 656 126 397 281 289 423 208 426 184 587 117 632 
28 81 484 239 307 108 77 679 613 807 450 436 664 216 69 51 342 119 505 601 212 296 234 801 357 324 2 844 400 
42 636 39 129 374 337 76 180 823 790 566 214 273 221 152 670 951 344 893 692 356 961 966 568 354 595 401 709 261 398 535 537 686 470 781 941 257 312 426 944 370 5 922 
7 610 939 566 659 677 782 531 
39 655 622 287 355 229 335 89 254 558 8 483 815 676 138 877 416 605 812 340 19 935 460 506 371 373 516 56 205 74 164 264 788 36 839 836 891 894 67 262 
1 915 
16 452 148 131 69 370 57 249 943 646 74 629 458 159 660 332 541 
29 445 967 158 680 551 180 261 623 284 213 71 126 69 783 725 61 825 703 240 149 608 943 604 614 934 857 952 675 360 
22 85 68 216 251 459 356 323 858 343 761 448 620 175 708 603 224 845 394 17 192 862 434 
46 863 107 342 133 889 248 555 783 757 131 964 319 151 545 600 877 211 390 779 261 598 891 287 893 47 719 944 910 509 844 885 800 285 448 505 741 362 909 754 894 661 667 753 949 810 679 
29 222 950 779 695 455 862 665 622 623 806 183 4 330 17 11 180 325 36 925 240 919 955 929 343 739 829 710 366 849 
14 280 885 360 615 78 783 603 711 713 831 874 366 16 204 
6 263 166 108 431 323 359 
28 282 325 944 115 23 709 895 906 737 655 857 815 689 968 63 397 455 1 646 465 91 144 76 222 305 233 529 110 
19 585 389 607 573 430 485 400 494 300 910 516 548 499 386 315 167 436 460 785 
41 743 61 392 713 535 835 312 5 64 181 657 257 384 388 488 379 546 524 90 509 619 932 71 285 507 790 576 137 707 723 237 126 511 28 386 163 334 129 250 866 311 
34 152 521 840 240 967 278 73 939 966 5 545 730 426 557 268 539 572 372 345 641 397 673 611 528 450 829 514 204 738 623 76 482 750 789 
1 367 
21 705 54 511 344 324 611 22 300 710 492 902 377 869 627 563 762 692 857 677 538 168 
25 855 342 827 571 532 734 88 749 879 27 900 99 891 337 701 443 151 743 164 334 508 158 579 137 620 
12 849 204 960 178 789 413 825 792 851 753 82 887 
28 636 85 478 196 47 880 707 460 104 860 834 421 584 627 647 931 336 610 784 843 355 349 307 617 242 312 606 866 
39 926 540 207 959 808 316 158 620 303 161 921 805 594 202 755 442 155 876 363 636 734 51 909 535 304 24 232 657 572 480 782 431 240 68 908 698 340 807 488 
15 490 471 546 843 861 279 504 411 847 963 671 749 24 273 767 
22 420 465 469 627 695 566 67 425 320 44 941 809 338 512 435 508 342 309 233 37 870 360 
9 754 501 447 742 656 740 343 119 384 
41 217 738 201 252 12 710 371 911 675 170 181 226 319 844 908 864 247 38 377 141 412 423 487 353 717 109 861 963 825 295 715 723 773 770 747 859 608 239 388 741 769 
32 617 363 507 210 677 87 130 98 320 876 168 742 932 387 164 372 23 478 551 255 581 225 942 541 659 430 148 803 174 715 636 892 
20 430 738 507 641 243 522 733 122 20 421 206 671 220 402 947 746 568 227 923 944 
7 48 35 753 244 169 496 227 
6 718 144 294 650 301 795 
21 129 541 935 213 903 482 39 713 231 918 155 524 31 388 333 638 837 338 456 679 616 
36 254 45 881 873 256 213 79 432 864 461 178 754 174 891 49 801 944 124 369 68 194 435 665 498 638 449 360 934 637 355 751 845 23 511 697 375 
34 508 288 244 848 371 114 826 516 235 388 922 133 622 283 941 904 770 264 256 95 807 232 223 536 870 400 559 730 655 880 714 359 595 587 
20 31 589 955 267 943 54 162 346 38 302 638 266 569 245 800 851 933 251 39 576 
15 743 510 859 172 436 444 874 762 121 213 174 817 196 286 805 
37 235 45 775 305 771 337 320 47 854 422 315 58 136 392 125 256 803 488 769 2 575 178 338 516 634 418 574 241 162 652 485 440 576 35 721 786 671 
42 762 185 13 741 448 315 3 161 53 932 584 389 48 132 484 914 434 697 765 840 350 805 725 587 46 722 480 341 292 446 74 593 497 9 455 387 303 201 190 212 705 522 
24 176 562 699 948 354 230 237 737 387 909 123 405 758 353 892 257 516 399 12 63 48 675 333 328 
21 913 765 245 56 720 819 336 637 550 338 150 160 475 374 420 604 458 431 175 137 97 
16 272 167 40 901 545 730 839 534 517 717 374 772 725 927 49 767 
12 157 140 953 836 136 741 44 388 701 486 477 855 
41 168 826 454 917 817 187 427 635 61 785 152 744 840 965 218 449 282 453 861 546 6 575 422 302 432 288 85 803 705 157 570 562 346 45 804 54 676 797 430 641 858 
25 78 956 166 388 551 552 619 232 130 954 371 938 547 734 138 811 959 736 922 107 62 409 795 689 101 
41 154 300 33 837 364 222 301 312 828 847 680 55 761 289 463 861 211 888 943 247 152 581 231 582 689 162 25 252 846 804 873 126 436 372 61 941 880 764 591 779 460 
34 259 419 237 343 425 247 477 249 844 66 943 578 816 809 554 256 461 327 581 744 229 785 54 556 732 82 257 707 820 277 680 963 569 807 
35 171 260 584 869 683 697 189 629 681 163 272 338 600 559 830 836 824 275 161 641 264 959 292 57 882 826 582 539 550 170 35 755 138 337 915 
47 467 598 143 525 749 510 726 44 258 449 437 869 966 375 311 289 604 318 584 106 230 300 606 347 558 572 85 504 413 34 169 554 483 175 181 202 849 457 159 646 822 914 62 212 137 669 825 
24 24 423 53 589 501 885 103 878 858 536 899 838 502 418 588 139 73 722 546 99 427 39 109 811 
4 75 28 58 781 
11 545 359 380 742 324 72 415 474 137 375 206 
8 352 216 278 801 736 600 756 360 
18 619 596 760 612 639 339 860 158 941 739 653 666 399 660 462 155 825 446 
33 215 918 440 4 821 654 831 142 765 859 63 89 686 431 225 95 931 466 78 558 429 477 764 882 318 737 54 808 256 542 826 428 26 
16 945 693 260 340 602 905 473 791 642 119 539 63 214 626 372 319 
29 937 746 169 155 750 762 437 30 517 197 797 539 589 24 956 355 489 383 574 630 164 646 927 885 358 476 761 743 331 
13 771 308 775 844 57 727 187 355 530 332 412 521 891 
44 725 95 572 646 14 158 435 21 425 534 339 266 670 808 77 72 98 402 440 889 539 563 197 211 869 817 227 136 933 388 550 837 513 387 352 732 728 97 78 701 776 182 292 301 
10 260 136 728 607 541 82 233 503 727 859 
37 819 496 316 929 89 262 422 170 716 134 146 300 85 658 238 546 67 139 684 714 535 138 418 552 474 391 736 351 399 533 249 667 850 254 701 34 602 
15 196 106 258 406 45 907 184 618 363 930 358 89 470 478 523 
4 611 843 684 321 
21 696 607 6 692 76 705 604 201 246 605 954 238 520 216 395 371 508 20 687 906 10 
2 759 476 
12 572 277 10 699 589 102 736 610 191 77 905 957 
6 862 258 813 171 118 35 
30 107 472 320 856 194 499 452 960 526 860 177 188 314 191 318 802 708 622 522 525 397 662 373 358 555 545 762 202 919 956 
42 555 43 325 391 918 373 387 691 828 719 630 680 364 46 777 151 676 72 191 70 965 944 500 465 164 462 716 637 25 598 268 515 608 576 357 595 932 834 764 3 645 127 
40 236 920 759 140 810 265 128 613 325 390 888 701 767 672 852 566 22 921 365 771 320 938 419 549 705 507 269 186 175 408 467 198 43 256 406 714 192 155 538 716 
40 204 317 579 968 780 547 342 195 838 672 231 461 536 557 321 736 590 83 109 344 604 534 169 660 647 140 229 86 193 60 479 404 910 59 194 8 51 305 91 202 
42 611 204 741 147 859 563 21 443 886 545 285 913 106 832 212 567 837 163 498 311 45 925 206 356 395 453 446 271 867 159 673 923 381 634 921 493 450 519 685 418 351 329 
22 305 411 733 98 157 108 894 147 663 458 640 322 50 315 427 75 560 790 120 931 601 691 
4 796 371 524 396 
16 322 46 151 864 331 717 734 957 895 731 418 291 829 52 632 646 
12 916 425 81 662 258 829 444 684 451 340 134 609 
16 641 472 504 579 845 947 191 345 483 785 488 878 558 89 292 508 
26 531 371 510 652 111 803 626 804 526 451 76 463 587 518 243 324 638 275 872 541 124 71 369 354 906 721 
14 37 601 362 599 869 235 625 420 207 834 41 832 261 146 
8 898 129 737 322 668 590 697 788 
25 293 58 866 685 274 304 735 801 494 534 310 402 712 74 800 125 762 248 782 563 290 720 320 673 27 
1 354 
43 962 44 334 52 289 590 405 827 484 427 910 153 643 221 182 489 819 127 949 311 652 128 383 906 667 255 868 478 66 161 391 625 389 672 634 872 152 661 927 30 414 271 122 
31 713 832 391 544 718 451 498 869 327 673 25 847 652 76 216 243 6 429 916 392 699 616 572 54 229 81 855 491 159 712 118 
20 229 784 833 312 947 322 731 829 483 167 808 801 420 904 455 685 346 8 743 24 
41 727 114 371 632 144 646 784 225 166 530 242 663 635 360 871 176 638 834 437 161 477 958 730 363 210 754 272 685 810 464 413 571 20 378 407 529 188 757 847 660 273 
23 402 314 4 935 794 812 846 233 275 858 418 535 936 282 38 764 316 228 34 230 214 521 205 
3 415 193 6 
29 89 869 28 217 690 304 263 212 604 702 650 536 754 61 224 854 244 694 287 17 173 903 85 709 443 698 10 806 467 
14 94 215 662 120 68 920 243 397 622 433 516 227 114 110 
3 441 428 490 
37 416 585 854 494 751 268 726 609 786 315 632 899 38 496 693 120 699 330 81 458 138 678 910 922 480 576 464 858 831 822 401 669 568 661 403 245 813 
33 920 25 212 885 150 254 136 661 525 659 888 98 384 185 891 751 662 846 426 99 327 154 484 774 222 845 630 251 655 248 490 831 558 
40 604 959 864 121 862 698 232 77 752 408 133 299 349 680 945 931 693 404 411 675 137 467 141 616 162 620 422 682 570 854 512 71 369 134 868 600 823 33 327 438 
33 893 748 648 563 282 639 444 857 313 764 575 474 813 674 322 370 150 287 261 465 821 885 577 657 355 57 13 145 820 399 196 273 323 
35 56 403 684 108 74 609 674 82 215 2 243 560 677 376 522 354 463 47 169 614 902 579 816 272 549 374 478 635 598 249 839 525 235 45 717 
22 433 814 664 487 606 835 397 62 335 18 794 218 480 280 805 965 347 617 404 194 137 329 
19 603 719 872 732 770 174 769 954 714 316 795 34 469 768 788 622 780 553 857 
27 346 569 685 149 819 441 828 315 562 661 82 244 729 163 144 864 948 665 354 784 121 360 456 419 763 648 243 
1 393 
20 54 248 906 928 356 12 781 887 288 294 323 707 739 428 630 63 24 925 702 331 
20 226 618 181 611 218 135 714 565 304 590 73 638 569 818 300 558 702 820 109 186 
33 780 198 578 450 608 191 802 589 186 179 635 591 141 599 913 238 217 921 35 276 708 854 562 511 622 31 720 727 882 855 282 232 966 
25 413 348 617 228 683 868 260 741 581 284 39 553 720 567 381 107 116 646 427 286 455 684 558 368 744 
13 664 885 165 886 676 409 498 284 649 682 591 803 408 
18 109 902 83 369 444 242 445 803 567 699 433 465 467 121 439 543 135 398 
42 939 836 720 53 721 354 225 6 140 369 553 108 662 919 398 376 514 363 415 330 182 661 627 820 716 713 402 550 223 723 467 491 189 395 247 163 344 630 36 629 822 828 
16 519 702 204 735 944 651 457 124 601 619 198 934 36 246 423 254 
31 67 502 780 718 855 347 616 812 225 909 782 124 824 682 736 480 726 146 755 731 330 562 544 942 106 183 889 739 187 152 854 
7 441 967 344 250 750 152 797 
19 490 739 529 4 379 291 336 343 458 890 374 443 383 41 22 814 319 101 263 
46 194 151 705 449 201 765 271 927 957 530 338 17 79 732 959 436 826 903 699 727 832 427 164 834 442 861 332 212 162 400 498 378 40 604 815 556 573 221 848 729 833 120 544 413 517 688 
31 736 770 45 288 111 169 476 644 758 109 382 87 816 351 588 607 542 732 164 65 968 870 215 14 909 11 103 674 742 205 577 
36 577 543 831 220 662 213 952 498 477 847 891 850 737 400 720 60 385 902 594 590 635 681 880 145 42 544 119 629 263 650 18 553 402 429 286 754 
40 132 856 31 56 34 140 432 136 272 300 146 532 235 554 651 278 753 552 437 475 748 154 106 596 111 870 827 567 142 714 439 599 887 362 131 859 513 586 68 178 
29 875 192 520 589 740 356 825 906 414 686 327 925 117 862 963 300 364 752 902 799 682 263 248 763 541 636 96 700 728 
8 600 225 615 950 333 160 637 576 
39 734 110 137 93 445 705 738 900 58 118 478 196 729 473 38 13 62 363 836 570 66 722 310 119 285 313 620 381 349 184 68 472 65 256 397 715 128 17 76 
20 435 669 464 717 166 786 685 647 742 557 966 444 545 431 397 17 516 19 648 58 
7 266 252 345 694 612 52 728 
15 609 215 146 711 258 54 109 151 891 921 732 253 782 818 406 
11 318 10 765 127 544 463 848 701 750 53 754 
36 213 529 404 852 96 117 537 403 651 889 496 201 957 701 200 103 883 608 659 862 873 850 49 576 848 805 23 966 504 500 638 52 111 861 286 707 
45 101 623 365 489 427 806 800 360 10 861 251 625 364 138 433 315 351 466 220 241 344 747 13 521 738 808 736 647 225 269 536 514 15 357 689 940 272 444 550 234 686 640 565 367 680 
43 288 597 361 112 105 424 79 799 57 633 67 17 941 313 251 567 930 164 903 698 127 375 450 944 332 841 824 520 859 490 224 441 233 409 708 211 149 169 335 378 118 923 87 
30 228 260 34 41 781 597 140 580 119 232 746 371 899 396 386 850 626 120 67 96 160 394 362 632 289 948 535 718 492 520 
11 681 477 839 507 804 693 733 176 95 269 920 
20 757 231 328 515 602 43 636 806 119 265 951 99 853 75 950 145 753 82 502 330 
40 685 721 882 708 843 564 600 309 943 291 7 668 602 434 89 720 238 456 547 920 25 486 36 14 859 210 819 34 598 840 931 892 820 559 606 420 646 505 127 4 
21 715 471 458 938 386 434 487 562 241 120 602 116 260 735 246 866 624 494 917 827 738 
32 595 965 333 252 520 878 675 839 12 134 425 262 703 963 434 887 69 833 339 786 136 785 583 832 609 325 639 737 570 474 784 900 
45 723 121 300 108 556 78 424 586 519 930 438 822 642 81 771 945 804 270 573 271 487 427 894 98 232 590 175 683 21 134 398 596 595 70 315 377 119 30 167 465 759 952 227 681 600 
24 241 952 904 337 517 672 145 599 700 365 967 928 687 855 905 243 879 212 916 569 114 856 402 657 
30 349 68 296 677 544 740 766 566 605 898 915 685 474 823 952 714 431 933 691 309 637 159 779 674 291 615 15 403 690 561 
38 620 251 651 689 78 277 35 297 342 187 626 328 857 158 946 374 113 576 865 283 368 813 525 197 823 483 131 879 831 476 825 901 838 930 739 610 253 345 
13 664 183 44 376 839 804 227 652 732 218 936 516 844 
19 200 575 364 224 42 676 39 275 13 349 800 690 143 49 3 296 555 387 107 
36 414 639 919 548 966 51 799 1 436 3 484 124 643 689 940 298 630 132 209 287 734 225 197 852 777 457 795 739 587 231 695 363 962 189 698 710 
9 884 179 451 838 56 432 340 306 128 
42 783 914 609 722 878 77 240 756 637 116 162 182 316 118 454 441 717 121 580 237 281 603 634 26 398 484 242 924 584 343 405 418 453 34 571 132 829 831 431 560 425 23 
35 227 463 582 143 449 680 685 959 151 220 404 830 132 73 861 773 288 350 552 585 849 968 597 569 665 128 824 555 416 289 439 584 240 580 808 
5 926 682 640 343 370 
14 116 253 633 245 219 30 2 616 135 506 793 424 509 21 
29 258 122 7 563 583 331 879 377 586 289 671 919 19 791 812 23 150 144 926 479 508 568 204 458 909 766 275 725 278 
1 116 
5 725 747 572 335 739 
46 444 346 841 152 215 10 243 246 859 712 850 531 465 289 77 654 347 686 579 303 945 583 98 58 28 115 603 627 816 107 800 479 953 809 271 174 779 118 695 529 537 269 16 594 164 649 
38 692 454 843 601 135 873 469 567 132 413 862 705 529 787 871 710 920 260 277 181 426 793 40 210 330 827 48 314 532 285 157 329 100 163 954 701 812 275 
34 961 119 377 501 121 755 452 584 473 912 323 17 342 515 437 868 188 717 943 925 491 207 206 110 710 857 38 543 397 701 493 201 202 135 
35 176 905 150 465 566 470 587 252 637 325 235 153 795 894 875 903 242 809 446 879 803 256 93 409 22 163 760 373 827 21 377 814 544 774 881 
38 951 378 272 933 743 131 208 182 443 451 636 962 319 729 109 558 895 58 764 57 371 291 365 901 452 777 816 597 821 913 820 889 837 127 935 283 518 246 
2 785 474 
5 239 130 1 117 824 
1 284 
2 162 559 
45 44 661 362 294 512 719 391 306 879 767 701 960 412 752 545 420 622 233 428 430 542 867 806 103 460 159 403 876 63 386 358 425 31 424 930 162 158 167 949 746 632 494 579 570 536 
24 886 643 42 322 1 704 329 438 936 186 792 23 202 484 609 801 633 750 425 784 164 227 31 319 
33 879 420 712 87 334 456 600 844 598 185 530 459 214 453 257 857 267 617 546 473 238 195 172 618 10 98 590 349 572 723 614 163 422 
32 345 40 604 936 702 250 809 659 476 14 701 847 112 259 180 634 957 615 697 122 845 161 455 904 15 231 354 661 388 694 316 513 
45 795 697 689 118 918 939 530 408 831 65 956 157 734 886 662 219 814 917 429 370 213 700 930 719 927 274 533 601 712 864 91 936 516 492 625 806 668 169 206 79 111 190 669 321 747 
6 598 132 316 473 423 917 
27 311 275 108 489 129 38 493 115 236 245 204 337 372 589 727 930 762 950 765 346 400 447 490 67 683 453 534 
27 65 180 547 696 668 649 516 444 734 169 373 340 256 765 108 174 255 537 276 774 254 6 364 181 366 941 911 
41 140 834 358 133 775 197 622 415 193 805 437 751 793 68 50 128 809 208 554 491 487 560 876 348 564 934 660 652 217 510 873 808 182 770 547 106 709 338 630 695 799 
12 617 604 521 156 793 305 765 422 964 502 880 763 
25 322 244 821 364 697 659 252 274 111 680 722 108 644 873 903 107 931 615 146 50 393 544 508 509 938 
2 745 252 
15 715 174 264 627 565 674 930 448 295 956 168 904 94 147 191 
38 925 786 245 911 782 714 645 918 358 953 50 877 652 273 713 16 315 564 939 161 576 493 749 700 955 27 418 548 821 750 884 524 453 147 277 728 709 45 
10 473 349 532 642 689 208 511 104 581 782 
11 767 777 247 707 720 257 356 335 210 236 69 
11 329 871 159 109 272 290 941 442 135 798 782 
36 176 185 135 647 836 334 655 306 667 792 181 435 14 458 682 455 521 106 317 616 882 649 873 291 869 150 271 855 129 781 2 672 640 582 825 575 
27 80 370 828 839 952 68 436 304 700 169 330 395 562 727 531 693 642 322 389 477 366 722 125 810 204 193 22 
38 374 724 398 956 668 547 367 67 725 78 899 546 421 766 72 453 487 567 525 102 234 715 425 914 574 898 106 935 719 416 426 657 316 641 38 43 353 104 
47 396 55 882 178 202 451 654 550 581 506 378 166 472 362 72 94 698 298 49 438 846 604 73 852 741 144 752 946 282 461 379 886 165 605 717 906 99 175 326 535 919 62 530 222 69 847 620 
4 98 619 255 192 
25 62 908 594 307 629 393 687 645 167 935 904 333 27 243 652 74 920 863 285 778 93 283 96 650 413 
17 562 411 967 695 502 308 534 388 544 441 721 608 3 588 629 19 520 
5 356 154 496 665 513 
26 403 769 183 347 200 176 28 585 610 939 222 103 16 847 247 116 642 682 507 895 562 792 408 678 937 134 
28 833 72 172 955 503 246 827 262 803 515 565 84 691 932 903 590 569 251 652 383 731 570 400 278 829 499 356 607 
39 269 381 128 857 341 555 239 371 69 851 354 80 538 140 703 625 232 844 755 325 782 876 431 98 633 878 530 413 947 443 945 933 196 101 132 199 830 508 603 
21 65 92 670 124 23 773 955 935 568 97 827 602 11 214 623 366 389 954 422 914 461 
30 28 215 278 827 4 880 747 463 426 848 3 398 105 733 154 295 947 118 235 658 670 569 553 206 363 636 738 323 816 815 
34 524 313 69 78 102 528 151 730 31 539 865 267 154 721 732 194 837 793 818 142 566 198 511 374 63 729 55 590 709 429 367 574 567 569 
18 821 879 569 153 745 712 244 28 946 891 243 542 656 618 641 316 587 892 
5 878 618 328 139 326 
39 84 662 70 253 352 869 832 448 393 316 77 892 959 325 248 544 519 930 876 420 299 415 731 423 198 831 453 627 158 47 217 416 527 554 36 499 275 285 131 
14 548 600 114 530 408 207 922 92 336 771 240 104 7 53 
45 152 884 192 581 598 498 875 815 415 38 117 129 831 668 594 442 66 826 635 616 520 30 121 773 341 746 457 633 840 428 510 798 895 87 595 901 105 399 836 535 157 376 782 934 9 
17 360 613 940 56 130 710 737 300 192 564 846 321 558 298 542 457 792 
22 434 530 451 343 851 743 275 616 234 104 412 420 204 636 790 910 925 914 571 206 497 479 
5 35 941 942 903 806 
14 960 706 138 218 531 485 667 332 91 629 212 694 537 511 
39 956 172 926 585 447 214 423 749 269 864 472 925 220 682 888 800 257 480 166 481 686 112 898 75 200 708 243 459 399 940 862 954 371 171 612 543 367 4 79 
14 377 871 796 138 842 712 83 563 264 284 849 448 114 112 
24 712 481 363 585 513 606 601 207 293 229 569 431 583 37 365 109 118 384 499 640 811 878 907 787 
8 39 752 335 340 815 224 605 122 
40 412 373 937 479 367 666 743 880 798 765 46 879 934 590 861 771 777 753 905 64 322 202 371 154 71 301 194 807 356 326 132 217 360 501 25 333 694 264 464 604 
42 460 242 94 944 412 220 805 179 208 548 612 461 104 948 391 691 506 682 601 862 247 655 103 503 351 72 481 23 273 716 370 802 401 911 340 400 213 723 668 284 872 441 
22 163 554 190 513 343 396 115 216 591 206 126 673 399 675 761 470 956 507 346 413 435 340 
36 887 737 290 890 594 761 413 433 816 173 365 240 31 112 424 634 326 188 23 886 367 953 827 950 610 71 911 943 355 696 453 541 619 459 2 29 
7 923 924 331 197 911 385 639 
39 504 97 211 425 132 487 341 902 799 611 671 920 604 615 675 855 551 586 610 614 870 838 91 265 489 904 295 526 867 960 271 336 469 447 573 843 178 204 524 
26 129 40 548 649 304 435 75 837 699 353 217 617 743 142 524 249 711 412 148 929 619 109 89 536 425 478 
43 265 362 390 235 190 811 959 444 334 279 800 869 490 661 855 215 58 364 854 834 102 71 453 421 371 352 878 556 373 104 829 245 885 781 544 572 219 324 761 739 675 256 175 
15 82 338 563 581 224 238 454 95 774 847 901 295 950 255 358 
24 639 664 222 816 456 218 354 725 219 298 748 459 832 903 881 60 713 502 910 18 359 499 649 717 
11 896 661 541 137 512 943 965 950 738 741 940 
28 742 1 554 524 729 954 803 168 297 545 299 366 155 855 638 884 306 563 553 79 205 519 749 273 763 296 228 889 
40 204 299 608 342 795 128 109 635 528 50 555 553 254 552 436 922 695 832 341 426 311 633 865 318 423 791 665 792 231 335 491 111 367 302 255 886 165 583 394 668 
33 14 350 181 919 262 793 905 902 128 527 728 625 157 153 167 624 390 530 295 715 951 9 822 89 281 794 97 58 883 205 939 121 115 
14 3 481 25 375 587 698 921 455 854 912 433 207 557 890 
37 791 589 787 354 117 94 853 918 905 445 230 102 178 521 898 739 781 746 846 347 538 569 385 474 717 733 285 864 842 551 690 298 13 594 932 211 490 
3 606 26 544 
28 950 126 198 529 764 616 754 800 635 607 543 219 133 165 728 838 548 185 506 511 719 913 249 465 235 703 731 513 
10 450 653 219 583 47 391 575 420 398 934 
26 914 701 965 612 630 153 113 650 599 308 806 369 689 166 784 655 478 5 792 645 314 550 225 716 120 438 
11 308 257 5 640 314 876 572 899 418 15 169 
9 122 632 176 402 682 674 675 331 746 
25 849 248 99 260 624 689 43 692 653 609 750 813 449 334 658 534 254 379 477 825 564 824 476 152 310 
24 382 378 170 563 243 811 748 362 92 609 42 966 187 497 134 218 136 374 834 576 298 443 916 704 
6 865 561 209 650 962 335 
21 45 34 178 116 583 498 530 282 851 120 416 548 31 444 641 395 636 511 665 857 576 
13 455 132 739 793 614 830 26 3 908 911 452 249 152 
18 336 539 951 639 116 134 787 693 540 497 455 325 810 522 238 830 927 737 
11 304 530 598 452 300 82 609 829 311 65 330 
33 196 677 67 822 495 218 27 650 222 51 733 321 240 509 211 700 44 680 779 95 879 545 769 498 968 651 828 71 6 220 151 86 860 
36 564 151 506 157 650 630 544 441 388 63 397 164 249 341 115 404 432 655 828 461 684 902 67 713 536 52 368 905 13 818 320 583 694 159 414 646 
32 564 913 252 560 440 362 562 547 694 394 452 489 735 906 5 647 862 707 894 881 666 405 503 784 855 902 554 551 383 669 490 139 
26 510 811 674 47 111 602 628 958 653 112 286 428 610 627 258 368 95 97 211 724 634 936 857 769 371 839 
21 647 265 72 844 799 518 769 766 82 520 829 895 842 582 425 645 438 725 896 89 621 
23 209 776 668 95 700 352 662 485 696 249 200 46 708 625 656 781 553 853 746 932 541 815 11 
20 917 714 385 871 775 82 956 87 964 581 444 592 130 484 772 128 104 144 511 544 
38 721 83 940 842 248 55 651 23 618 35 128 610 749 70 891 19 250 270 652 776 566 137 582 843 58 490 20 98 918 866 954 483 297 593 870 294 787 244 
9 444 601 291 542 90 111 304 831 634 
18 56 771 8 258 951 473 426 281 322 479 856 556 153 397 897 794 304 770 
23 9 18 637 30 91 217 358 790 458 850 629 593 216 130 97 394 419 569 29 258 960 25 442 
25 955 134 471 968 195 454 358 13 207 287 247 136 201 142 949 668 220 3 48 593 715 531 4 402 414 
27 485 499 95 283 313 899 492 35 79 830 869 450 622 550 864 912 150 168 193 852 220 823 798 325 591 290 584 
33 132 196 271 478 138 804 198 10 860 54 634 79 421 351 95 485 20 265 731 111 337 295 88 84 574 895 157 488 108 894 247 580 747 
42 96 436 73 740 162 818 920 425 479 480 452 687 169 113 706 893 91 816 398 820 259 308 715 200 399 59 354 25 872 576 486 529 922 431 269 326 318 208 216 328 580 343 
5 920 54 519 161 418 
11 487 736 680 72 449 123 166 931 880 939 370 
31 50 580 688 459 505 432 65 337 305 811 377 106 255 374 335 834 884 761 450 239 537 256 1 213 351 47 548 118 180 360 471 
10 787 255 882 103 282 15 149 49 734 521 
37 644 917 589 474 451 19 130 830 272 449 261 635 866 463 782 965 326 343 621 273 766 949 859 498 805 932 789 510 616 554 18 605 957 198 761 521 891 
44 227 420 243 326 284 469 586 921 178 98 260 831 675 39 449 705 451 258 23 608 717 790 74 711 809 437 804 341 866 783 20 893 204 276 486 632 281 861 106 769 11 137 84 82 
29 447 903 206 158 697 80 1 702 79 525 6 934 83 906 441 926 660 628 886 900 399 421 38 268 492 61 334 538 698 
43 12 935 222 762 3 292 293 748 275 432 563 722 752 951 768 817 789 496 841 83 132 374 243 627 664 730 543 357 727 33 477 248 874 16 754 392 300 717 607 540 595 257 696 
8 588 563 908 135 382 188 190 929 
37 712 104 472 383 551 389 965 163 524 474 181 393 388 744 211 549 634 703 18 948 799 643 508 753 251 797 334 537 335 201 748 694 42 923 469 270 434 
25 342 905 538 160 737 898 158 69 116 524 138 184 168 408 803 600 940 65 426 5 719 557 776 868 839 
34 243 45 961 22 210 842 680 879 506 601 628 40 402 957 767 346 77 718 910 853 401 440 63 430 329 839 904 541 512 335 877 373 271 738 
15 749 781 533 140 853 306 133 559 607 216 66 869 817 148 627 
39 520 592 475 453 129 941 746 276 591 88 430 228 755 326 299 454 87 728 290 406 409 333 843 715 886 493 576 298 764 279 950 701 815 239 189 304 179 41 718 
42 513 530 93 210 298 697 520 468 466 180 922 781 939 915 782 234 848 26 586 229 470 215 358 327 378 104 27 286 425 805 653 677 178 164 38 913 162 869 144 794 20 435 
7 104 111 336 764 339 623 209 
44 112 371 441 391 104 511 446 293 416 802 915 612 799 572 74 476 745 255 216 920 780 902 276 721 825 489 686 831 90 832 518 869 584 803 406 889 208 286 918 843 44 54 911 287 
25 362 780 898 428 696 113 888 866 635 619 466 290 397 571 348 393 429 64 49 721 731 97 741 887 2 
18 923 491 897 197 917 241 406 75 350 492 427 422 342 175 632 953 72 433 
2 865 952 
5 795 562 418 216 171 
12 523 404 471 623 710 452 351 278 628 35 220 632 
29 956 654 641 821 91 475 384 558 173 653 678 879 513 67 610 676 528 299 300 206 730 875 459 328 917 84 583 249 423 
23 289 475 318 929 437 384 255 468 352 946 355 9 632 754 942 553 339 354 964 521 893 311 558 
33 462 446 519 283 950 931 794 90 250 689 293 874 21 351 566 929 214 961 802 394 522 898 726 549 357 330 346 202 211 318 291 78 271 
8 889 854 91 139 149 272 739 12 
15 926 706 417 733 468 929 10 803 515 101 682 153 271 505 898 
27 318 685 740 523 882 946 400 314 532 812 413 146 282 889 893 378 171 901 430 920 306 340 201 53 157 101 461 
17 557 848 671 362 252 891 706 89 656 889 583 722 401 341 840 634 46 
38 666 675 696 722 868 935 297 885 145 515 626 310 135 129 308 648 610 26 13 294 781 673 85 237 257 254 165 213 467 18 93 561 619 225 593 78 298 366 
45 834 96 187 419 217 180 809 668 939 553 580 404 317 738 675 230 476 334 100 739 316 780 272 896 134 642 508 394 95 143 29 208 335 877 327 257 164 289 810 803 924 233 349 795 435 
5 912 898 501 425 254 
29 748 936 767 146 461 948 810 331 501 742 708 639 453 107 220 707 471 540 633 679 781 577 966 9 318 509 205 202 615 
1 885 
5 318 670 87 658 140 
1 126 
21 613 465 449 923 955 854 48 642 902 819 23 730 239 662 743 802 243 778 270 532 827 
35 57 909 41 624 218 142 824 161 724 370 42 954 378 255 813 387 196 335 498 169 117 17 242 123 260 578 518 531 251 734 319 717 946 765 658 
47 713 607 167 788 20 764 302 269 491 259 169 382 463 390 309 556 347 148 145 494 445 591 475 720 418 107 821 242 398 619 717 479 963 914 72 883 443 439 278 790 459 44 64 638 604 948 916 
12 898 155 679 261 535 837 895 147 850 109 46 257 
1 723 
